n MyLevel

g 0
w 4 1 0 0 0 0 0.6 0.6 0 0.2 0.0001 7 3 1
l 0.3 0.3 0.3 0.3 0.3 0.6 0 0.1 0 25 0.7 0.7 0.7 6.75 5.3 0 0 0 0
l 0.3 0.3 0.3 0.3 0.3 0.6 0 0.1 0 25 0.7 0.7 0.7 -6.7 5 0 0 0 0
l 0.3 0.3 0.3 0.5 0.5 0.5 0 0.1 0 25 0.7 0.7 0.7 -14.2 2.28 -9.89 0 0 -8.70002
m Platform.obj 0 -3.72529e-008 0 0 0 0 2 1 2 13.2 13.2 13.2 0 0 0 0 0 2 0 0
m WallModel.obj 0 0.2 5.9 0 0 0 1 3 1 3 9 1 0 0.02 0 0 0 2 0 0
m Pedistal.obj 0 1.3 0 0 0 0 1 1 1 1 1 1 0 0 0 0 0 1 0 0
m WallModel.obj 0 0.29 -6 0 180 0 1 3 1 3 9 1 0.02 0 0 0 0 1 0 0
m WallModel.obj -6.97 0.27 0.31 0 270 0 1 3 1 2 9 1 0 0 0 0 0 1 0 0
m WallModel.obj 6.97 0.17 0.11 0 90 0 1 3 1 3 9 1 0 0.02 0 0 0 1 0 0
m TesterSphere.obj 0 4.8 0 0 0 0 1 1 1 1 1 1 0 0 0 0 0 1 0 0
m BathTub.obj 3.99 1.1 0.11 0 0 0 0.5 0.3 0.5 1 1 1 0 0 0 0 0 1 0 1
m TesterSphere.obj 6.07619 0.830395 3.50517 0 0 0 0.5 0.5 0.5 1 1 1 0 0 0 4 0 2 0 0
m RoofArch.obj 0 8 0 0 0 0 10.6 1 1 3.88 3.88 3.88 0 0 0 0 0 1 0 0
p -6.60001 5.6 5.70001 0 1 0 500 3 4 0.5 0.5 0.005 0 7.8 0 fire
p -1.5 1.1 -2.45124e-006 0 1 0 500 0.5 4 0.5 0.5 0.001 -4 7.8 0 spark
