n MyLevel

g 0
l 0.1 0.1 0.1 0.3 0.3 0.5 0 0.1 0 25 0.3 0.3 0.5 -9.5 5 6 0 0 20
l 0.1 0.1 0.1 0.3 0.3 0.5 0 0.1 0 25 0.3 0.3 0.5 11 5 6 0 0 20
l 0.1 0.1 0.1 0.4 0.4 0.4 0 0.1 0 25 0.4 0.4 0.4 0.1 5 0.6 696969 696969 696969
m Platform.obj 0 0 0 0 0 0 4 1 4 26.4 26.4 1 0 0 0 0 0 0 0 0
m LightStand.obj -10.18 2.75 5.41 0 28.8 0 0.3 0.3 0.3 1 1 1 0 0 0 0 0 1 0 0
m LightStand.obj 11.3987 2.78946 5.4022 2.98023e-008 -38.4001 0 0.3 0.3 0.3 1.96 1.96 1.96 0 0 0 0 0 1 0 0
m WallModel.obj -14.99 0.19 4.19 0 90 0 4 5 1 8 10 1 0 0 0 4 0 1 0 0
m WallModel.obj 18.6 0.199999 3 0 -90 0 4 5 1 8 10 1 0 0 0 4 0 1 0 0
m RoofArch.obj 0 9.2 0 0 90 0 1 1 5 5 1 5 0 0 0 0 0 1 0 0
m SmallWall.obj -1.08494 1.2 16.5969 0 90 0 4.83 1 1 2 1 2 0 0 0 0 0 1 0 0
m LightBulb.obj 0.6 8.60001 -0.0200001 -180 0 0 0.4 0.4 0.4 1.96 1.96 1.96 0 0 0 0 0 1 0 0
